23 4 3 0
0 0 0 0
24 4 4 0
1 0 1 0
3 1 1 0
4 0 2 0
5 1 2 0
8 2 2 0
-300037 -300037 -300037 -300037
11 2 3 0
-172711921 -300037 -300037 -300037
15 3 3 0
17 1 4 0
22 4 2 0
23 1 (-111, -1, -111)
23 24 (-111, -111, -1)
23 15 (-111, -111, -1)
24 24 (-111, -111, -1)
24 -300037 (1, -111, -111)
24 4 (-111, -1, -111)
1 0 (-111, -111, -1)
1 22 (0, -111, -111)
1 11 (0, -111, -111)
1 23 (0, -111, -111)
1 3 (-111, -111, -1)
1 -300037 (0, -111, -111)
1 8 (0, -111, -111)
4 0 (-111, -111, -1)
4 24 (0, -111, -111)
4 -300037 (0, -111, -111)
4 17 (0, -111, -111)
4 8 (-111, -111, -1)
5 3 (-111, -111, -1)
5 -300037 (0, -111, -111)
5 8 (-111, -111, -1)
8 23 (0, -111, -111)
8 1 (-111, -1, -111)
8 -300037 (0, -111, -111)
8 8 (-111, -111, -1)
-300037 -172711921 (-111, -111, -1)
11 1 (-111, -1, -111)
11 15 (-111, -111, -1)
11 8 (-111, -111, -1)
17 24 (-111, -111, -1)
17 3 (-111, -111, -1)
17 4 (-111, -1, -111)
22 11 (0, -111, -111)
22 1 (-111, -1, -111)
22 24 (-111, -111, -1)
22 8 (-111, -111, -1)
